20
249718282 93729
1 5 6 999917908
131 74
1 9 10 78736
1000000000 100000
99999 1 99999 100000
78 51
3 5 5 51230
218492221 46085
3 7 1 999969453
220 88
1 8 3 58265
640834505 28785
3 9 1 999946125
977365070 59489
8 5 9 999966210
66 39
35 2 589 66
73 26
5 8 4 54214
82 81
58 56 739 82
254 99
1 8 9 74990
137 49
48 17 461 137
1000000000 100000
1 1 0 2
112 73
1 5 3 64100
1000000000 100000
999999999 1 999999999 1000000000
1000000000 100000
100000 1 0 1000000000
1000000000 1
12 7 74 12
714311129 39521
9 5 9 999998192
232959116 56689
4 9 1 999903057
